23262001301
21406900624
21406900631
21406900644
21406900654
21406900664
21406900674
21406900681
21406900834
21406900824
21406900814
21406900864
21406900721
21406900734
21406900844
21406900854
21406900761
21406900754
21406900741
21406900804
21406900774
21406900794
21406900784
21406900704
21406900694
21406900714
21406900874
21406900884
21406900894
21406900904
21406900914
21406900924
21406901194
21406901204
21406901214
21406901224
21406901234
21406901244
21406901254
21406901264
21406901271
21406901284
21406901291
21406901336
21406800201
21406800281
21406800214
21406800221
21406800194
21406800261
21406800241
21406800274
21406800181
21406800234
21406800254
21406800174
21406800161
21406800154
21406800141
21406800134
21406800121
21406800111
21406800104
21406800091
21406800084
21406800071
21406800064
21406800051
21406800044
21406800031
21406800294
21406800301
21406800314
21406800321
21406800334
21406800341
21406800371
21406800384
21406800391
21406800404
21406800411
21406800424
21406800434
21406800441
21406800454
21406800461
21406800474
21406800484
21406800494
21406800501
21406800514
21406800536
21406800546
21406900334
21406900321
21406900314
21406900301
21406900391
21406900404
21406900411
21406900424
21406900431
21406900444
21406900451
21406900464
21406900471
21406900484
21406900491
21406900504
21406900511
21406900524
21406900534
21406900541
21406900554
21406900561
21406900574
21406900584
21406900594
21406900601
21406900614
21406900931
21406900944
21406900951
21406900961
21406900974
21406900981
21406900994
21406901001
21406901316
21406800021
21406900021
21406900011
21406800364
21406800351
21406600111
21406800011
21406600091
21406600104
21406600084
21406600071
21406700041
21406600061
21406600051
21406700031
21406600041
21406600031
21406700021
21406600021
21406700011
21406600011
21406500071
21406500061
21406400101
21406400081
21406400094
21406400114
21406900384
21406900291
21406900374
21406900361
21406900351
21406900344
21406900164
21406900171
21406900151
21406900191
21406900184
21406900144
21406900131
21406900124
21406900114
21406900104
21406900091
21406900081
21406900071
21406900281
21406900271
21406900064
21406900051
21406900251
21406900264
21406900044
21406900031
21406900244
21406900231
21406900211
21406900224
21406900201
21406901011
21406901024
21406901031
21406901041
21406901054
21406901306
21406400121
21406400231
21406400244
21406400251
21406400264
21406400274
21406400281
21406400293
21406400313
21406400304
21406400323
21406400353
21406400334
21406400343
21406400643
21406400653
21406400663
21406400806
21406600124
21406600134
21406600144
21406600151
21406600171
21406600164
21406600184
21406600191
21406600203
21406600343
21406600263
21406600213
21406600221
21406600231
21406600241
21406600273
21406600251
21406600313
21406600283
21406600321
21406600356
21406600291
21406901061
21406901074
21406901081
21406901094
21406901101
21406901114
21406901121
21406901134
21406901141
21406901154
21406901161
21406901174
21406901181
21406901326
21406400363
21406400431
21406400391
21406400404
21406400414
21406400384
21406400371
21406400424
21406400673
21406400681
21406400693
21406400701
21406400816
21406600301
21406600331
21406600366
21406600376
23180500191
23180500201
23180500221
23180500214
23180500234
23180500241
23180500254
23180500263
23180500271
23180500284
23180500291
23180500304
23180500311
23180700014
23180800021
23180800034
23180800044
23180800051
23180800064
23180800071
23180800084
23180700011
23180900024
23180900031
23180400471
23180400484
23180400491
23180400504
23180400511
23180400524
23180400531
23180400544
23180400554
23180400563
23180400574
23190900033
23190900041
23190900051
23190900061
23190900074
23190900081
23190900094
23190900101
23190900446
23190900456
21604900781
21604900761
21604900774
21604900753
21604900743
21604900731
21604900723
21604900714
21604900701
21604900694
21604900681
21604900674
21604900661
21604900654
21604900641
21604900634
21604900624
21604900796
23180400581
23180400594
23180400601
23180400614
23180400624
23180400634
23180400641
23180400654
23180400661
23180400674
23180400684
23180400691
23180400704
23180400713
23180400946
23180800091
23180900041
23180800111
23180800104
23180800124
23180800131
23180800144
23180800151
23180900054
23180900061
23180900074
23180900081
23180800161
23180900094
23180900101
23180900114
23180900121
23180900134
23180900141
23180900154
23180900161
23180900174
23180900184
23180900194
23180900204
23180900211
23180900224
23180900231
23180900241
23180900254
23180900261
23180800174
23180800551
23180800181
23180800191
23180800321
23180800314
23180800341
23180800334
23180800354
23180800361
23180800371
23180800204
23180800214
23180800224
23180800234
23180800241
23180800254
23180800261
23180800274
23180800281
23180800294
23180800301
23180800566
23190900113
23190900121
23190900134
23190900141
23190900466
23190900476
23180800384
23180800393
23180800401
23180800414
23180800421
23180800541
23180800576
23180800441
23180800434
23180800474
23180800461
23180800481
23180800494
23180800454
23180800501
23180800534
23180800514
23180800521
23190900153
23190900161
23190900173
23190900181
23190900194
23190900201
23190900214
23190900221
23190900234
23190900241
23190900254
23190900264
23190900274
23190900284
23190900291
23190900304
23190900311
23190900324
23190900331
23190900344
23190900351
23190900364
23190900371
23190900384
23190900391
23190900404
23190900411
23190900486
23190900496
23180900274
23180900284
23180900291
23180900304
23180900311
23180900321
23180900334
23180900341
23180900354
23180900361
23180900374
23180900381
23180900394
23180900401
23180900421
23180900414
23180900434
23180900443
23180900451
23180900464
23180900471
23180900484
23180900491
23180900504
23180900511
23180900521
23180900531
23180900551
23180900544
23180900564
23180900573
23180900581
23180900591
23180900601
23180900611
23180900621
23180900631
23180900641
23180900654
23180900661
23180900681
23180900674
23180900723
23180900714
23180900701
23180900743
23180900751
23180900731
23180900786
23180900771
23180900764
23180900691
21604900611
21604900604
21604900591
21604900571
21604900584
21604900564
21604900554
21604900541
21604900511
21604900534
21604900524
21604900491
21604900504
21604900484
21604900471
21604900464
21604900441
21604900454
21604900434
21604900421
21604900401
21604900414
21604900394
21604900381
21604900374
21604900361
21604900354
21604900341
21604900334
21604900324
21604900314
21604900301
21604900284
21604900294
21604900274
23190900013
23190900021
23190900426
23190900436
21604900261
21604900254
21604900244
21604900231
21604900224
21604900214
21604900201
21604900194
21604900184
21604900171
21604900164
21604900151
21604900144
21604900131
21604900111
21604900104
21604900124
21604900091
21604900084
21604900074
21604900061
21604900051
21604900031
21604900044
21604900024
21604800251
21604900011
21604800244
21604800231
21604800201
21604800214
21604800194
21604800224
21604800104
21604800094
21604800291
21604800304
21604800314
21604800321
21604800284
21604800413
21604800421
21604800391
21604800271
21604800404
21604800351
21604800384
21604800364
21604800344
21604800371
21604800334
21604800264
21604800726
21604800434
21604700221
21604800011
21604700211
21604700201
21604700194
21604700181
21604700174
21604700161
21604700154
21604700144
21604700131
21604700124
21604700111
21604700101
21604700091
21604700081
21604700071
21604700061
21604500051
21604500041
21604800024
21604800031
21604800041
21604800054
21604800064
21604800071
21604800081
21604800114
21604800121
21604800134
21604800141
21604800154
21604800161
21604800174
21604800181
21604800444
21604800451
23212000394
23212000031
23212000021
23212000041
23212000091
23212000051
23212000464
23212000474
23212000484
23212000491
23212000501
23212000104
23212000111
23212000061
23212000511
23212000071
23212000124
23212000134
23212000141
23212000154
23212001185
23212001195
23212001205
23212001214
23212001224
23212001235
23212001244
23212001255
23212001261
23212001275
23212001281
23212001291
23212001305
23212001314
23212001325
23212001334
23212001345
23212001356
23212001406
23212001416
23212001426
23212001436
21604800464
21604800471
21604800514
21604800521
21604800501
21604800484
21604800494
21604800534
21604800541
21604800554
21604400234
21604400243
21604400264
21604400271
21604400284
21604400294
21604400301
21604400314
21604400324
21604400331
21604400344
21604400356
21604200876
21604200831
21604200814
21604800561
21604800574
21604800581
21604800594
21604800601
21604800614
21604800621
21604800634
21604800641
21604800654
21604800663
21604800673
21604800681
21604800691
21604800701
21604800711
21604800736
21604200771
21604200781
21604200794
21604200801
21604200866
23213000085
23213000095
23213000106
23213000075
23213000065
23213000055
23213000045
23213000035
23213000025
23213000015
23213000115
23215001535
23214100085
23214100075
23214100095
23216001545
23216001555
21604500031
21604500021
21604500014
21604400011
21604300301
21604400031
21604400024
21604400044
21604400051
21604400064
21604400074
21604400101
21604400081
21604300291
21604400094
21604400131
21604400114
21604400124
21604400141
21604400201
21604400171
21604400154
21604400164
21604400211
21604400184
21604400193
21604400221
21604400251
21604300284
21604300271
21604300261
21604300251
23212000161
23212000521
23212000174
23212000181
23212000234
23212000241
23212000541
23212000534
23212000254
23212000261
23212000554
23212000561
23212001171
23212000574
23212001164
23212000584
23212001154
23212001396
23212000274
23212000281
23212000294
23212000301
23212000314
23212000321
23212000334
23212000344
23212000351
23212001366
23212000591
23212000604
23212000614
23212000621
23212000634
23212000641
23212000654
23212000661
23212000674
23212000681
23214100105
23214100115
23214100125
23214100135
23214100145
23214100155
23214100011
23214100021
23214100031
23214100041
23216000401
23216000411
23216000421
23216000434
23216000441
23216000454
23216000464
23216000471
23216000484
23216000493
23216000501
23216000511
23216000521
23216000531
23216000541
23216000551
23216000561
23218000121
23218000134
23218000141
23218000324
23218000331
23218000344
23218000351
23218000364
23218000374
23218000381
23218000394
23218000401
23218000414
23218000421
23218000441
23218000434
23218000454
23218000231
23218000244
23218000251
23218000264
23218000271
23218000284
23218000291
23218000304
23218000311
23218000596
21604300083
21604300094
21604300103
21604300113
21604300123
21604300141
21604300154
21604300161
21604300134
21604300171
21604300191
21604300184
21604300204
21604300214
21604300221
21604300234
21604300244
23212000364
23212000694
23212000371
23212000701
23212000384
23212000731
23212000744
23212000711
23212000751
23212000764
23212000774
23212000791
23212000784
23212000724
23212000804
23212000811
23212000834
23212000844
23212000824
23212000854
23212000864
23212000871
23212000884
23212000894
23212000904
23212000911
23212000924
23212000931
23212000944
23212000954
23212000964
23212000971
23212000984
23212000991
23212001001
23212001014
23212001021
23212001034
23212001041
23212001054
23212001061
23212001074
23212001081
23212001094
23212001101
23212001114
23212001121
23212001134
23212001141
23212001376
23212001386
21604100071
21604100081
21604100091
21604100101
21604100114
21604100121
21604100133
21604100153
21604100144
21604100163
21604100173
21604200011
21604200021
21604200033
21604200043
21604300013
21604300024
21604200171
21604200184
21604200194
21604200201
21604200214
21604200221
21604200234
21604200241
21604200251
21604200264
21604200274
21604200281
21604200294
21604200303
21604200314
21604200323
21604200333
21604200341
21604200354
21604200363
21604200373
21604200663
21604200671
21604200683
21604200856
21604300053
21604300043
21604300033
21604200051
21604200061
21604200381
21604200394
21604200401
21604200071
21604200414
21604200421
21604200434
21604200441
21604200084
21604200091
21604200454
21604200461
21604200104
21604200111
21604200124
21604200131
21604200144
21604200151
21604200474
21604200481
21604200164
21604200491
21604200501
21604200514
21604200521
21604200534
21604200541
21604200554
21604300063
21604200561
21604200574
21604200581
21604200594
21604200601
21604200611
21604200691
21604200623
21604200704
21604200714
21604200723
21604200631
21604200641
21604200731
21604200753
21604200744
21604200651
21604200761
21604200846
23214200131
23214200144
23214200151
23214200164
23214200171
23214200184
23214200191
23214200204
23214200211
23214200224
23214200231
23214200244
23214200251
23214200264
23214200271
23214200284
23214200291
23214200311
23214200304
23214200324
23214200331
23214200351
23214200344
23214200364
23214200371
23214200384
23214200391
23214200404
23214200411
23214200451
23214200444
23214200434
23214200424
23214200464
23214200471
23214200484
23214200491
23214200504
23214200511
23214200524
23214200531
23214200551
23214200544
23214200564
23214200571
23214200584
23214200591
23214200604
23214200611
23214200624
23214200631
23214200644
23214200651
23214200664
23214200671
23214200684
23214200691
23214200704
23214200711
23214200724
23214200734
23214200741
23214200754
23216000571
23216000584
23214401021
23214401014
23214401001
23214400994
23214400984
23214400971
23214400964
23214400951
23214400944
23214400931
23214400924
23214400914
23214400901
23214400894
23214400881
23214400874
23214400864
23214400851
23214400844
23214400831
23214400824
23214400811
23214401236
23214300151
23214300164
23214300171
23214300191
23214300184
23214300144
23214300204
23214300244
23214300213
23214300131
23214300231
23214300094
23214300081
23214300124
23214300111
23214300074
23214300061
23214300051
23214300041
23214300031
23214300021
23214300011
23214200024
23214200011
23214200031
23214100051
23214200044
23214200051
23214200071
23214200064
23214200111
23214200091
23214200104
23214200081
23214200124
23214400221
23214400214
23214400421
23214400301
23214400361
23214400314
23214400321
23214400241
23214400234
23214400334
23214400354
23214400374
23214400341
23214400381
23214400294
23214400254
23214400261
23214400401
23214400394
23214400281
23214400274
23214400414
23214400431
23214400441
23214400454
23214401061
23214401074
23214401081
23214401226
23214401246
23214400601
23214400594
23214400584
23214400574
23214400564
23214400201
23214400554
23214400541
23214400804
23214400791
23214400531
23214400523
23214400514
23214400501
23214400493
23214400484
23214400471
23214400194
23214400181
23214400463
23214400124
23214400111
23214401041
23214401054
23214401034
23214400171
23214400164
23214400151
23214400101
23214400144
23214400131
23214400091
23214400084
23214400074
23214400061
23214400614
23214400621
23214400634
23214400641
23214400654
23214400661
23214400674
23214400681
23214400694
23214400704
23214400714
23214400721
23214400734
23214400741
23214400754
23214400761
23214400774
23214400784
23214401094
23214401104
23214401114
23214401124
23214401134
23214401144
23214401154
23214401164
23214401174
23214401201
23214401184
23214401194
23214401214
23214401256
23214400013
23214500013
23214400021
23214500024
23214500033
23214500041
23214400031
23214400041
23214500054
23214500061
23214700011
23214600011
23214700024
23214700031
23214400051
23214600024
23214600031
23214700044
23214700081
23214700074
23214700051
23214700064
23214600044
23214600051
23214700094
23214700101
23214600064
23214600071
23214700114
23214700121
23214600084
23214600091
23214700134
23214700141
23214700154
23214700161
23214600104
23214600111
23214600124
23214600131
23214600144
23214600151
23214600164
23214600171
23214600184
23214600191
23214600204
23214600211
23214600224
23214600231
23214600244
23214600254
23214700174
23214700181
23214700194
23214700201
23214700211
23214800024
23214800031
23214900014
23214900021
23214900034
23214900041
23216001565
23216000831
23216000381
23216000841
23216000391
23216000854
23216000714
23216000721
23216000734
23216000741
23216000754
23216000761
23218000461
23216000774
23216000781
23218000474
23218000484
23218000491
23218000504
23218000511
23218000524
23218000534
23218000544
23218000554
23218000561
23218000574
23216000794
23216000861
23216000874
23216000881
23216000894
23216000901
23216000914
23216000921
23218000151
23218000164
23218000171
23218000184
23218000191
23218000204
23218000211
23218000224
23216000934
23216000941
23216000954
23216000961
23216000974
23216000981
23216000994
23216001001
23216001014
23216001021
23216001034
23216001041
23216001054
23216001061
23216001081
23216001074
23216001094
23216001101
23216001114
23216001121
23216001134
23216001141
23216001154
23216001161
23216001174
23216001181
23216001201
23216001194
23216001214
23216001221
23216001234
23216001241
23216001314
23216001321
23216001334
23216001341
23216001354
23216001361
23216001374
23216001381
23216001394
23216001401
23216001414
23216001421
23216001434
23216001441
23216001454
23216001464
23216001471
23216001484
23216001491
23216001504
23216001514
23216001521
23216001586
23301500015
23230500013
23230500021
23230500081
23230500034
23230500054
23230500041
23230500094
23230500101
23230500114
23230500121
23230500141
23230500134
23230500161
23230500181
23230500174
23230500154
23230500201
23230500194
23230500214
23230500221
23230500241
23230500234
23230500716
23230500254
23230500301
23230500314
23230500321
23230500334
23230500341
23230500354
23230500361
23230500374
23230500381
23230500394
23230500401
23230500414
23230500421
23230500441
23230500434
23230500454
23230500461
23230500481
23230500474
23230500494
23230500501
23230500514
23230500521
23230500534
23230500541
23230500561
23230500574
23230500581
23230500554
23230500594
23230500601
23230500614
23230500621
23230500634
23230500641
23230500654
23230500661
23230500674
23230500681
23230500746
23230400013
23230400021
23230400034
23230400044
23230400054
23230400061
23230400094
23230400101
23230400081
23230400074
23230400114
23230400121
23230400141
23230400154
23230400161
23230400134
23230400174
23230400181
23230400194
23230400201
23230400216
23230200911
23230200986
23230200904
23230200894
23230200884
23230200871
23230200864
23230200714
23230200701
23230200694
23230500695
23230500705
23230500756
23230500766
23230200925
23230200996
23230200934
23230200945
23230200955
23230200381
23230200394
23230200401
23230200414
23230200421
23230200434
23230200441
23230200454
23230200464
23230200474
23230200481
23230200571
23230200494
23230200584
23230200591
23230200604
23230200611
23230200634
23230200624
23230200641
23230200654
23230200661
23230200674
23230200681
23221000365
23221000354
23221000345
23230100325
23230100386
23221000335
23221000404
23230200261
23230200241
23230200221
23230200254
23230200234
23230200211
23230200291
23230200361
23230200301
23230200314
23230200321
23230200374
23230200965
23230200331
23230200341
23230200501
23230200354
23230200514
23230200521
23230200541
23230200791
23230200784
23230200534
23230200771
23230200811
23230200804
23230200561
23230200554
23230200731
23230200751
23230200764
23230200724
23230200744
23230200824
23230200831
23230200844
23230200851
23230200976
23221000391
23221000381
23221000021
23221000061
23221000014
23221000031
23221000074
23221000081
23221000034
23221000041
23221000094
23221000171
23221000164
23221000184
23221000191
23221000204
23221000211
23221000224
23221000234
23221000244
23221000254
23221000054
23219000365
23219000174
23219000194
23219000375
23219000214
23219000394
23219000385
23219000244
23219000405
23219000254
23219000415
23219000435
23219000424
23219000444
23219000455
23219000496
23221000376
23221000301
23221000294
23221000281
23221000274
23221000264
23230500063
23230500074
23230500261
23230500271
23230500281
23230500294
23230500726
23230500736
23218000114
23218000101
23218000091
23218000061
23218000084
23218000074
23218000051
23218000013
23218000024
23218000034
23218000044
23217000586
23219000486
23219000295
23219000466
23219000013
23219000064
23219000054
23219000071
23219000044
23219000031
23219000024
23219000476
23219000304
23219000314
23219000325
23219000334
23219000344
23219000134
23219000355
23219000154
23303800431
23303800424
23303800411
23303800404
23303800391
23303800384
23303800371
23303800364
23303800241
23303800234
23303800221
23303800214
23221000101
23221000114
23221000121
23221000134
23221000141
23222001706
23222001451
23222000944
23222000934
23222000924
23222000911
23221000151
23222000904
23222000891
23222000801
23222000741
23222000151
23222000761
23222000774
23222000794
23222000754
23222000781
23222000144
23222000131
23222000124
23222000111
23223000011
23222000011
23222000104
23222000021
23222000031
23223000021
23223000031
23223000041
23223000054
23222000954
23222000961
23222000974
23222000981
23222000994
23222001144
23222001151
23222001164
23222001171
23222001184
23222001194
23222001204
23222001211
23222001254
23222001261
23222001274
23222001281
23222001294
23222001301
23222001314
23222001321
23222001334
23222001344
23222001354
23222001364
23222001374
23222001384
23222001424
23222001434
23222001444
23222001471
23222001484
23222001491
23222001504
23222001514
23222001521
23222001534
23222001541
23222001554
23222001564
23222001571
23222001584
23222001591
23222001604
23222001611
23222001676
23222001686
23222001716
23303800201
23303800181
23303800194
23303800174
23303800161
23303800154
23303800141
23303800134
23303800121
23303800114
23303800101
23303800094
23303800081
23303800074
23303800061
23303800041
23303800054
23303800031
23303800021
23303800013
23303900015
23303900025
23303800035
23303800045
23303800055
23222001041
23222000041
23222000054
23222000061
23222000074
23222000081
23222000681
23222000674
23222000701
23222000094
23222000324
23222001054
23222001061
23222000331
23222000351
23222000344
23222000714
23222000694
23222000441
23222000364
23222000371
23222000584
23222000414
23222000591
23222000421
23222000434
23222000271
23222000604
23222000614
23222000621
23222000864
23222000854
23222000871
23222000284
23222000291
23222000304
23222000311
23222001081
23222001094
23222001394
23222001401
23222000884
23222001074
23222000481
23222000494
23222000501
23222000514
23222000521
23222000534
23222000541
23222000554
23222000561
23222000574
23222000631
23222000644
23222000651
23222000661
23222000814
23222000821
23222000834
23222000841
23222001004
23222001011
23222001124
23222001131
23222001224
23222001231
23222001244
23222001411
23222001624
23222001631
23222001644
23222001666
23222001696
23223000061
23225000011
23224000011
23224000021
23225000021
23224000034
23224000041
23225000031
23224000054
23224000064
23224000071
23227000011
23226000011
23226000024
23226000031
23227000021
23226000044
23226000051
23226000064
23226000071
23226000084
23230700296
23230700033
23230900023
23240100041
23240100051
23240100061
23240100071
23240100081
23240100091
23240100101
23240100121
23240100111
23240100131
23240300161
23240300151
23240300144
23240300171
23240300181
23240300194
23224000344
23224000331
23224000324
23224000311
23224001626
23224000874
23224000861
23224000304
23224000274
23224000291
23224000261
23224000284
23224000161
23224000154
23224000254
23224000141
23224000241
23224000234
23224000221
23224000204
23224000214
23224000191
23224000134
23224000121
23224000181
23224000111
23224000171
23224000101
23224000094
23224000081
23224000754
23224000741
23224000734
23224000551
23224000544
23224000531
23224000524
23224000511
23224000504
23224000491
23224000484
23224000471
23224000464
23224000451
23224000444
23224000431
23224000424
23224000411
23224000404
23224000391
23224000384
23224000371
23224000364
23224000351
23224000761
23224000774
23224000781
23224000794
23224000801
23224000814
23224000821
23224000834
23224000841
23224000854
23224000981
23224000994
23224001001
23224001014
23224001024
23224001031
23224001044
23224001051
23224001064
23224001071
23224001084
23224001091
23224001104
23226000091
23227000031
23227000041
23226000104
23226000111
23226000124
23226000131
23226000144
23226000154
23226000161
23226000174
23226000181
23226000194
23226000201
23227000051
23226000214
23226000221
23226000234
23226000241
23226000254
23226000261
23227000061
23226000274
23226000281
23226000294
23226000301
23226000311
23227000071
23226000321
23227000084
23227000091
23224000561
23224000574
23224000581
23224000594
23224000601
23224000614
23224000621
23224000634
23224000641
23224000654
23224000661
23224000674
23224000684
23224000694
23224000704
23224000714
23224000721
23224000884
23224000894
23224000901
23224000914
23224000921
23224000934
23224000944
23224000951
23224000964
23224000971
23224001636
23224001111
23224001124
23224001134
23224001141
23224001154
23224001161
23224001174
23224001181
23224001194
23224001201
23224001294
23224001301
23224001314
23224001324
23224001334
23224001341
23224001544
23224001551
23224001564
23224001571
23224001584
23224001591
23224001604
23224001611
23224001354
23224001214
23224001221
23224001234
23224001361
23224001244
23224001251
23224001264
23224001271
23224001374
23224001381
23224001394
23224001404
23224001411
23224001424
23224001431
23224001646
23224001444
23224001451
23224001464
23224001471
23224001484
23224001491
23224001504
23224001511
23224001524
23224001531
23224001656
23240300201
23240300211
23240300241
23240300234
23240300221
23240300251
23240300261
23240300271
23240400011
23240300284
23240500011
23240400024
23240400034
23240400041
23240500021
23240500034
23240500041
23240500054
23240500061
23240400054
23240500091
23240500084
23240500071
23240500101
23240600051
23240600011
23240700014
23240600031
23240600044
23240600024
23240700021
23240600064
23250600884
23250600871
23250600861
23250601401
23250600701
23250601381
23250600691
23250601391
23250600764
23250600751
23250600771
23250600741
23250601851
23250600681
23250600731
23250600724
23250600711
23250600671
23250600661
23250300044
23250300031
23250600644
23250600631
23250600624
23250300061
23250300021
23250300011
23250300071
23250300096
23250300106
23250500191
23250500201
23250500184
23250500316
23250601414
23250601421
23240400061
23240400074
23240400081
23240400094
23240400101
23240400114
23240400121
23240400134
23240400141
23240400174
23240400161
23240400184
23240400191
23240400204
23240400211
23240400224
23240400231
23240400244
23240400251
23240400264
23240400271
23240400284
23240400291
23240400304
23240400311
23240400324
23240400331
23240400744
23240400761
23240600071
23240600084
23240600091
23240600104
23240600111
23240600214
23240600221
23240600241
23240600234
23240600254
23240600261
23240600271
23240600301
23240600284
23240600291
23240600154
23240600161
23240600174
23240600181
23240600314
23240600361
23240600201
23240600194
23240600324
23240600331
23240600351
23240600344
23240600374
23240600381
23240600394
23240600401
23240600411
23240602714
23240602721
23240602734
23240602741
23240602754
23240602761
23240602774
23240602781
23240602794
23240602801
23240602811
23240602824
23240602831
23240602904
23240602911
23240700041
23240700034
23240700054
23240700061
23240700081
23240700074
23240700101
23240700094
23240700114
23240700131
23240700121
23240700141
23240700181
23240700174
23240700161
23240700194
23240700154
23240400751
23240400724
23240400691
23240400704
23240400714
23240400611
23240400624
23240400631
23240400644
23250200651
23250200504
23250200491
23250200484
23250200471
23250200464
23250200441
23250200454
23250200361
23250200374
23250200381
23250200394
23250200404
23250200414
23250200421
23250600144
23250601841
23250600124
23250601831
23250600104
23250601821
23250601814
23250601801
23250601794
23250601781
23250601774
23250601761
23250600024
23250601751
23250600911
23250600904
23250600891
23250600611
23250600601
23250500306
23250500104
23250500111
23250500221
23250500214
23250600554
23250600564
23250600571
23250500121
23250500131
23250601871
23250600584
23250600241
23250600431
23250600484
23250600471
23250600231
23250600441
23250600411
23250600461
23250500144
23250500151
23250600221
23250600164
23250600451
23250600821
23250600834
23250600841
23250600924
23250600931
23250601191
23250601201
23250601211
23250601224
23250601234
23250601241
23250601251
23250601524
23250601531
23250601736
23250601746
23240700201
23240700214
23240700221
23240700234
23240700241
23240700254
23240700261
23240700274
23240700281
23240700294
23240700301
23240700314
23240700321
23240700334
23240700341
23240700354
23240700361
23240700374
23240700381
23240700394
23240700401
23240700414
23240700421
23240700431
23240700441
23240700454
23240700471
23240700464
23240700484
23240700491
23240700501
23240600424
23240600431
23240600441
23240600454
23240600461
23240602294
23240602301
23240602314
23240602321
23240600471
23240602334
23240602341
23240602354
23240602361
23240600481
23240600494
23240600501
23240600511
23240600521
23240600531
23240602374
23240602381
23240602484
23240602644
23240602651
23240602664
23240602671
23240602684
23240602691
23240602701
23240602844
23240602851
23240602864
23240602871
23240604066
23240400344
23240400351
23240400364
23240400371
23240400384
23240400391
23240400401
23240400414
23240400421
23240400434
23240400441
23240400454
23240400461
23240400481
23240400474
23240400491
23240400501
23240400541
23240400534
23240400554
23240400561
23240400574
23240400581
23240400511
23240400521
23240400594
23240400601
23240400614
23240400621
23240400634
23240400641
23240400654
23240400661
23240400676
23250700205
23250700074
23250600151
23250600214
23250600201
23250600191
23250600181
23250600111
23250600123
23250600131
23250600141
23250600171
23250601861
23250500285
23250500275
23250601494
23250601725
23250500235
23250700235
23250500265
23250500244
23250500054
23250601715
23250700225
23250601705
23250700405
23250600791
23250600801
23250600811
23250601001
23250601041
23250601021
23250601031
23250601051
23250601011
23250601181
23250601171
23250601164
23250601151
23250601144
23250601131
23250601124
23250601111
23250601104
23250601091
23250601084
23250601071
23250601651
23250601664
23250601644
23250601631
23250601621
23250601614
23250601601
23250601685
23250601695
23250600654
23250600341
23250600333
23250601595
23250601675
23250600354
23250600361
23250600254
23250601585
23250600371
23250600951
23250600964
23250600375
23250700384
23250700395
23250700265
23250700034
23250700255
23250700335
23250700315
23250700344
23250700245
23250700305
23250700465
23250700024
23250700285
23250700475
23250801351
23250801421
23250801344
23250801331
23250801311
23250801324
23250801414
23250801381
23250801401
23250801374
23250801361
23250801394
23250801304
23250801291
23250801284
23250801271
23250801251
23250801264
23250800854
23250800841
23250801576
23227000101
23227000111
23227000286
23227000271
23227000296
23227000121
23227000131
23227000141
23227000151
23227000164
23227000171
23227000181
23227000191
23227000204
23227000211
23227000221
23240603191
23240603204
23240603214
23240603831
23240603844
23240603851
23240603864
23240603871
23226000331
23226000341
23226000351
23226000361
23226000371
23226000381
23226000394
23226000401
23226000414
23226000421
23226000434
23226000441
23226000454
23226000461
23226000474
23226000481
23226000501
23226000491
23214600291
23214600321
23214600334
23214600341
23214600314
23214600304
23214600354
23214600284
23214600361
23214600394
23214600426
23214600271
23214600381
23214600401
23214600264
23214600374
23214200761
23214200774
23214200781
23214200811
23214200804
23214200824
23214200794
23214200831
23214200844
23214200851
23214200864
23216000591
23216000604
23216000611
23216000624
23216000631
23216000641
23216000651
23216000664
23216000673
23216000681
23216000694
23216000703
23216001253
23216001261
23216001274
23216001283
23216001293
23216001303
23216001576
23214800066
23214800051
23214800044
23214900061
23214900054
23214900074
23214900081
23214900101
23214900114
23214900121
23214900094
23214900141
23214900134
23214900193
23214900154
23214900161
23214900184
23214900174
23214900203
23214900211
23214900224
23214900231
23214900434
23214900251
23214900244
23214900441
23214900451
23214900461
23214900474
23214900481
21603800221
21603800214
21603800201
21603800264
21603800234
21603800244
21603800254
21603800194
21603800181
21603800161
21603800174
21603800154
21603800141
21603800134
21603800124
21603800111
21603800104
21603800091
21603800084
21603800071
21603800064
21603800051
21603800044
21603800034
21603800021
21603800013
21603800274
21603800281
21603800294
21603800304
21603800311
21603800324
21603800331
21603800344
21603800351
21603800364
21603800374
21603800384
21603800394
21603800404
21603800411
21603900426
21603800436
23214200871
23214200884
23214200891
23214200904
23214200911
23214200931
23214200924
23214200944
23214200954
23214200961
23214200974
23214200981
23214200994
23214201001
23214201014
23214201024
23214201031
23214201044
23214201054
23214201061
23214201074
23214201081
23214201101
23214201094
23214201114
23214201121
23214201131
23214201144
23214201154
23214201171
23214201163
23214201184
23214201193
23214201201
23214201216
21603400336
21603400314
21603400301
21603400294
21603400281
21603400274
21603400261
21603400254
21603400241
21603400221
21603400234
21603400214
21603400201
21603400194
21603400181
21603400174
21603400161
21603400154
21603400141
21603400134
21603400124
21603400111
21603400104
21603400091
21603400084
21603400071
23228000231
23228000221
23228000214
23228000201
23226000716
23226000701
23228000194
23228000141
23226000694
23226000681
23228000134
23228000121
23226000674
23226000664
23226000651
23226000644
23226000631
23228000406
23228000181
23228000174
23226000624
23228000164
23226000611
23228000151
23226000604
23226000594
23226000581
23226000574
23226000564
23226000554
23226000541
23228000111
23226000534
23226000521
23226000514
21602100566
21602100441
21602100434
21602100421
21602100414
21602100401
21602100394
21602100384
21602100371
21602100364
21602100351
21602100344
21602100331
21602100324
21602100311
21602100304
21602100284
21602100271
21602100291
21602100264
21602100254
21602100241
23214900261
23214900274
23214900281
23214900294
23214900301
23214900314
23214900321
23214900334
23214900341
23214900351
23214900361
23214900374
23214900384
23214900394
23214900401
23214900414
23214900421
23214900494
23214900506
23227000231
23227000241
23227000251
23228000061
23228000051
23228000044
23227000261
23228000031
23228000071
23228000024
23228000011
23229000011
23228000081
23229000024
23229000031
23228000091
23228000101
23229000041
23229000054
23229000061
23229000071
23229000081
23229000411
23229000424
23229000431
23229000444
23229000576
21603400064
21603400051
21603300201
21603300214
21603300224
21603300231
21603300181
21603300194
21603300174
21603300161
21603400041
21603300256
21603300141
21603300154
21603300134
21603300121
21603300114
21603300101
21603300094
21603300081
21603400033
21603300074
21603300061
21603400024
21603400013
21603300054
21603300041
21603300034
21603300021
21603300013
21603300246
21603300326
23228000416
23228000391
23228000384
23228000371
23228000361
23228000351
23228000341
23228000334
23228000321
23228000311
23228000291
23228000304
23228000284
23228000271
23228000264
23228000251
23228000241
21603200081
21603200074
21603200041
21603200061
21603200094
21603200101
21603200316
21603200013
21603200054
21603200121
21603200114
21603200184
21603200191
21603200024
21603200033
21603200171
21603200144
21603200151
21603200134
21603200164
21603200204
21603200211
21603200224
21603200231
21603200251
21603200244
21603200261
21603200273
21603200281
21603200293
21603200301
21603200326
23240604014
23240604004
23240603994
23240603981
23240603974
23240603964
23240603951
23240603944
23240603184
23240603174
23240603164
23240603154
23240603144
23240603131
23240603124
23240603111
23240603104
23240603094
23240603081
23240603074
23240603061
23240602474
23240602461
23240603054
23240603041
23240602454
23240603034
23240602441
23240602891
23240602411
23240602424
23240602434
23240602884
23240602404
23240602394
23240604021
23240604034
23240604044
23240603811
23240603824
23240603804
23240603791
23240603021
23240603774
23240603934
23240603784
23240603921
23240603914
23240602964
23240602951
23240602944
23240602931
23240603014
23240603001
23240602924
23240604051
23229000241
23229000231
23229000224
23229000211
23229000204
23229000191
23229000181
23229000171
23229000161
23229000151
23229000141
23229000131
23229000121
23229000451
23229000111
23229000101
23229000461
23229000474
23229000091
23229000484
23229000491
23229000501
23229000514
23229000521
21602900311
21602900284
21602900291
21602900304
21602800811
21602800821
21602800834
21602800841
21602800651
21602800644
21602800854
23229000586
23229000534
23229000401
23229000394
23229000381
23229000374
23229000361
23229000354
23229000321
23229000334
23229000344
23229000314
23229000301
23229000294
23229000281
23229000274
23229000264
23229000251
23229000541
23229000554
23229000561
23229000596
21602300351
21602300364
21602300371
21602300714
21602300064
21602300111
21602300071
21602300124
21602300131
21602300141
21602300161
21602300174
21602300154
21602300181
21602300221
21602300081
21602300194
21602300204
21602300211
21602300614
21602300231
21602300621
21602300091
21602300634
21602300641
21602300241
21602300651
21602300101
21602300871
21602300664
21602300674
21602300684
21602300691
21602300704
21602300881
21602300916
21602300956
21602100234
21602100221
21602100214
21602100201
21602100194
21602100181
21602100171
21602100161
21602100151
21602100144
21602100131
21602100124
21602100114
21602100101
21602100535
21602100094
21602100071
21602100081
21602100555
21602100544
21602300011
21602200011
21602200024
21602200031
21602200044
21602300024
21602300031
21602300344
21602300591
21602300041
21602200054
21602300584
21602200064
21602200071
21602200084
21602300946
21602300861
21602300854
21602300844
21602300831
21602300901
21602300721
21602300741
21602300734
21602300824
21602300894
21602300814
21602300804
21602300794
21602300781
21602300754
21602300774
21602300761
21603100025
21603100076
21603100035
21603100044
21603100055
21603100065
21602100515
21602100505
21602100524
21602100086
21602100495
21602100485
21602100024
21602100475
21602100464
21603100455
21603100576
21602200151
21602200164
21602200174
21602200184
21602200191
21602200204
21602200211
21602200224
21602200231
21602200244
21602200251
21602200264
21602200273
21601000123
21601000131
21601000144
21601000151
21601000164
21601000171
21601000206
21601000216
21602300604
21602300254
21602300261
21602300273
21602300284
21602300291
21602300301
21602300311
21602300324
21602300331
21602300571
21602300561
21602300503
21602300511
21602300551
21602300524
21602300531
21602300541
21602300421
21602300926
21602300441
21602300451
21602300431
21602300464
21602300471
21602300484
21602300491
21602700011
21602600011
21602600071
21602600084
21602600091
21602602401
21602600103
21602600111
21602600124
21602602371
21602600024
21602600131
21602600141
21602600151
21602600031
21602600051
21602600044
21602700024
21602700031
21602600161
21602602381
21602600171
21602700041
21602700051
21602600184
21602700064
21602700071
21602700161
21602700171
21602500011
21602400011
21602400024
21602400031
21602400051
21602400044
21602400071
21602400064
21602400084
21602500024
21602500031
21602500041
21602500054
21602500064
21602500071
21602500084
21602500094
21602500101
21602500114
21602500121
21602500131
21602500141
21602500154
21602500164
21602500171
21602700181
21602700191
21602700121
21602700204
21602700211
21602700154
21602700141
21602700281
21602700296
21602700274
21602700261
21602700224
21602700231
21602700241
21602700251
21602800011
21602800031
21602800054
21602800044
21602800024
21602800061
21602800074
21602800081
21602800094
21602800101
21602800114
21602800121
21602800131
21602800144
21602800151
21602800164
21602800171
21602800181
21602801874
21602801914
21602900611
21602900621
21602900631
21602900641
21602900651
21602900664
21602900671
21602900684
21602900764
21602900814
21602900824
21602900831
21602900844
21602900854
21602900861
21602900874
21602200091
21602200101
21602200111
21602200124
21602200133
21602200141
21601000111
21601000101
21601000091
21601000044
21601000031
21601000051
21601000071
21601000023
21601000084
21601000013
21601000186
21601000064
21601000196
21602200761
21602200774
21602200781
21602200791
21602200803
21602200811
21602200821
21602200834
21602200843
21602200851
21602200861
21602200871
21602200916
21602400091
21602300936
21602400104
21602400111
21602400121
21602400131
21602400144
21602400151
21602400164
21602400171
21602400181
21602400201
21602400194
21602400214
21602400221
21602400234
21602400241
21602400254
21602401041
21602401051
21602401061
21602401071
21602401084
21602401091
21602401104
21602401111
21602401166
21602400481
21602400721
21602600191
21602600424
21602600431
21602600444
21602600451
21602600464
21602600471
21602602174
21602600484
21602600491
21602600504
21602600511
21602600524
21602600531
21602601794
21602600543
21602601801
21602600551
21602600564
21602600571
21602601814
21602600593
21602601821
21602600584
21602600603
21602600613
21602600631
21602601614
21602601834
21602601621
21602600624
21602600644
21602600651
21602600664
21602600671
21602602184
21602602191
21602602201
21602602211
21602602224
21602602394
21602602416
21602801421
21602801261
21602801404
21602801411
21602801274
21602801211
21602801254
21602801011
21602801201
21602801024
21602801194
21602801033
21602801004
21602801434
21602801901
21602801894
21602801881
21602801861
21602801774
21602801781
21602801794
21602801801
21602801814
21602801821
21602801834
21602801841
21602801854
21602800901
21602800864
21602900771
21602900881
21602900791
21602900784
21602900804
21602900571
21602900894
21602900901
21602900554
21602900564
21602900914
21602900501
21602900924
21602900934
21602900944
21602900954
21602900964
21602900971
21602900514
21602900521
21602900984
21602900994
21602901001
21602901014
21602901024
21602900534
21602900411
21602900404
21602901031
21602900424
21602901044
21602900431
21602901051
21602901064
21602901071
21602200681
21602200281
21602200694
21602200701
21602200291
21602200714
21602200721
21602200301
21602200734
21602200743
21602200311
21602200886
21602200373
21602200361
21602200906
21602200421
21602200751
21602200354
21602200341
21602200896
21602200324
21602200333
21602800871
21602800884
21602800891
21602800624
21602800611
21602800561
21602800554
21602800574
21602800581
21602801631
21602801644
21602801651
21602800601
21602800594
21602801664
21602801674
21602801624
21602801714
21602801684
21602801936
21602801051
21602801094
21602801101
21602801114
21602801121
21602801134
21602801141
21602801694
21602801701
21602601283
21602601171
21602601184
21602601191
21602601251
21602601271
21602601264
21602601204
21602601211
21602601231
21602601224
21602601244
21602600311
21602600324
21602600331
21602600344
21602600351
21602901084
21602901281
21602901274
21602901264
21602901301
21602901294
21602901314
21602901321
21602901334
21602901341
21602901364
21602901354
21602901371
21602901384
21602901391
21602901404
21602901414
21602901421
21602902054
21602902064
21602902344
21602902331
21602902324
21602902311
21602902294
21602902304
21602902284
21602902271
21602902264
21602902071
21602902251
21602902084
21602902091
21602902244
21602902104
21602900324
21602900104
21602900331
21602900111
21602900041
21602900124
21602900054
21602900061
21602902351
21602902376
23240900216
23240900191
23240900184
23240900171
23240900164
23240900151
23240900144
23240900131
23240900114
23240900124
23240900101
23240900041
23240900054
23240900094
23240900061
23240900081
23240900011
23240900021
23240900074
23240900034
23240900206
23240900586
23240900574
23240900561
23240900554
23240900541
23240900534
23240900521
23240700514
23262001214
23262001221
23262001234
23262001241
23262001254
23262001261
23262001311
23262001323
23262001526
23262001566
23262000731
23262000744
23262000751
23262000764
23262000771
23262000784
23262000794
23262001054
23262001061
23262001074
23262001084
23262001281
23250801151
23250801144
23250801101
23250801081
23250801094
23250801074
23250801061
23250801041
23250801054
23250801034
23250801021
23250801001
23250801014
23250800921
23250800994
23250800914
23250800901
23250800894
23250801164
23250801171
23250801184
23250801191
23250801204
23250801211
23250801224
23250801231
23250801431
23250801444
23250801454
23250801461
23250600971
23250600981
23250601264
23250601271
23250601311
23250601321
23250601331
23250601371
23250601341
23250601351
23250601284
23250601291
23250601304
23250601431
23250601444
23250601451
23250601464
23250601471
23250601364
23250601561
23250601501
23250601511
23250601484
23250601541
23250601554
23250601881
23250601894
23250600011
23250601901
23250600374
23250600384
23250800834
23250800821
23250800881
23250800874
23250800861
23250800814
23250800801
23250800784
23250800771
23250800764
23250800751
23250800794
23250800731
23250800744
23250800581
23250800724
23250800961
23250800711
23250800981
23250800594
23250800951
23250800574
23250800601
23250800974
23250800621
23250800484
23250800614
23250800471
23250800694
23250800704
23250800681
23250800464
23250800451
23250800431
23250800444
23250800424
23250800411
23250800334
23250800321
23250800671
23250800664
23250800651
23250800644
23250800311
23250600091
23250800301
23250600071
23250600084
23250600064
23250600051
23250600044
23250600031
23250800291
23250800284
23250800271
23250800261
23250800254
23250800241
23250800554
23250800541
23250800193
23250800184
23250800491
23250800501
23250800931
23250800941
23250801111
23250801121
23250801131
23250800161
23250800234
23250800221
23250800211
23262001031
23262001041
23262000623
23262000611
23262000604
23262000591
23262000584
23262000571
23262000564
23262000551
23262000541
23262000531
23262000524
23262000511
23262000504
23262000491
23262000484
23262000471
23262000464
23262000451
23262000444
23262000354
23262001294
23262001331
23262001344
23262001354
23262001361
23262001024
23262001014
23262001001
23262000994
23262000984
23262000974
23262000961
23262000954
23262000941
23262000921
23262000934
23262000914
23262000901
23262000894
23262000884
23262000871
23262000864
23262000851
23262000844
23262000831
23262000824
23262000811
23262000801
23262001151
23262001131
23262001144
23262001124
23262001111
23262001104
23262001091
23262001164
23262001171
23262001424
23262001431
23262001444
23262001451
23262001464
23262001471
23262001481
23262001536
23262001546
23262000341
23262000321
23262000301
23262000314
23262000334
23262000294
23262000281
23262000421
23262000381
23262000361
23262000374
23262000271
23262000414
23262000401
23262000394
23262000264
23262000251
23262000431
23262000241
23262000211
23262000224
23262000234
23262000201
23262000181
23262000194
23262000161
23262000174
23262000151
23262000131
23262000101
23262000144
23262000121
23262000114
23262000094
23262000634
23262000641
23262000654
23262000661
23262000674
23262000681
23262000694
23262000701
23262001374
23262001384
23262001394
23262001404
23262001411
23262001494
23262001504
23262001556
23261000371
23261000251
23261000361
23261000541
23261000554
23261000674
23261000684
23261000691
23261000761
23261000884
23261000891
23261000774
23261000781
23261000814
23261000794
23261000804
23261000824
23261000831
23261000844
23261000381
23261000391
23261000401
23261000411
23261000421
23261000431
23261000441
23261000461
23261000451
23261000471
23261000481
23262000081
23262000071
23261000491
23261000501
23261000511
23262000064
23262000051
23261000521
23262000031
23262000044
23261000911
23261000851
23261000924
23261000931
23261001034
23261001041
23261000944
23261000904
23261000871
23261000864
23261001054
23261001063
23261001071
23261001084
23261001094
23261001104
23261001111
23261001124
23261001134
23261001204
23261001213
23261001221
23261001234
23261001244
23261001253
23261001261
23261001274
23261001281
23261001986
23263000061
23263000051
23263000341
23263000111
23263000104
23263000041
23263000021
23263000031
23263000381
23263000374
23263000364
23263000354
23263000321
23263000334
23263000301
23263000314
23263000124
23263000131
23263000294
23263000394
23263000401
23263000494
23262000011
23261000631
23262000024
23261000621
23261000571
23261000581
23263000501
23263000514
23263000521
23263000534
23263000541
23263000554
23263000561
23263000574
23263000581
23263000606
23263000071
23263000596
23263000481
23263000081
23263000141
23263000474
23263000461
23263000454
23263000444
23263000424
23263000411
23263000431
23263000204
23263000191
23263000151
23263000211
23263000161
23263000221
23263000171
23263000231
23263000184
23263000241
23263000251
23263000271
23263000281
23264000011
23265000011
23264000024
23264000031
23265000021
23265000051
23265000031
23265000041
23265000061
23267000011
23266000011
23264000044
23264000051
23266000021
23264000064
23264000071
23266000034
23266000041
23266000054
23267000021
23267000031
23267000041
23267000051
23267000061
23266000061
23264000084
23264000091
23266000074
23266000081
23266000094
23266000101
23264000104
23264000111
23266000114
23266000121
23264000124
23264000131
23266000141
23266000134
23264000144
23264000151
23266000161
23266000154
23264000164
23266000174
23266000181
23264000171
23264000191
23266000201
23266000194
23264000184
23264000211
23264000204
23264000224
23264000231
23264000251
23264000244
23264000264
23264000271
23270601051
23270601064
23270601071
23270601084
23270601091
23270601104
23270601111
23270601146
21602800524
21602800531
21602800374
21602800381
21602800394
21602800401
21602800414
21602800201
21602801926
21602901131
21602901094
21602901124
21602901101
21602901114
21602901144
21602901151
21602901164
21602901171
21602901184
21602901191
21602901204
21602901211
21602901224
21602901231
21602901244
21602901251
21602901434
21602901441
21602901454
21602901461
21602901474
21602901481
21602901494
21602901501
21602901514
21602601301
21602601314
21602601321
21602601343
21602601334
21602601591
21602601604
21602601664
21602601671
21602601684
21602601691
21602601353
21602601363
21602601704
21602601711
21602601854
21602601861
21602601373
21602601894
21602601901
21602601914
21602601921
21602601934
21602601944
21602601951
21602601383
21602601964
21602601971
21602601984
21602601991
21602602004
21602602014
21602601393
21602601403
21602601411
21602602021
21602602034
21602602044
21602602264
21602602271
21602602281
21602602294
21602602301
21602602314
21602602321
21602602334
21602602344
21602602351
21602602364
21602602436
21602400731
21602400744
21602400751
21602400701
21602400761
21602400801
21602400811
21602400711
21602400794
21602400784
21602400774
21602400824
21602400834
21602400851
21602400844
21602401176
21602400864
21602400871
21602400884
21602400891
21602400904
21602400911
21602400924
21602400931
21602400944
21602400954
21602400964
21602401121
21602401134
21602401141
21602401154
21602401186
21602901521
21602901534
21602901541
21602901554
21602901561
21602901574
21602901581
21602901594
21602901601
21602901614
21602901624
21602901631
21602901644
21602901651
21602901671
21602901684
21602901664
23268000773
23268000783
21602902366
21602902234
21602902211
21602902224
21602902204
21602902191
21602902184
21602902174
21602902161
21602901691
21602902154
21602902141
21602901704
21602901711
21602901814
21602901801
21602901821
21602902134
21602902121
21602901794
21602901724
21602901784
21602901834
21602901751
21602901731
21602901744
21602901844
21602901771
21602901851
21602902031
21602902024
21602901764
21602902044
23268000793
23268000803
23268001026
23268001036
21602901864
21602902014
21602902114
21602901874
21602902001
21602901881
21602901931
21602901904
21602901994
21602901894
21602901911
21602901924
21602901944
21602901951
21602901971
21602901984
21602901964
21602601424
21602601431
21602601441
21602601451
21602601461
21602601474
21602601481
21602601494
21602601501
21602601514
21602601521
21602601534
21602601541
21602601554
21602601561
21602601574
21602601581
21602602426
23268000753
23268000761
23268000723
23268000603
23268000583
23268000611
23268000624
23268000631
23268000593
23268000741
23268000664
23268000671
23268000651
23268000734
23268000501
23268000644
23268000693
23268000684
23268000701
23268000491
23268000811
23268000714
23268000831
23268000824
23268000481
23268000841
23268000474
23268000461
23268000854
23268000454
23268000881
23268000893
23268000914
23268000924
23268000934
23268000941
23268000953
23268000961
23268001016
23268001056
23267000711
23267000724
23267000401
23267000414
23267000704
23267000731
23267000391
23267000494
23267000501
23267000551
23267000511
23267000524
23267000541
23267000531
23267000561
23267000571
23267000584
23267000591
23267000604
23267000611
23267000624
23267000631
23267000644
23267000651
23267000664
23267000671
23267000684
23267000691
23268000011
23269000011
23269000024
23267000384
23267000371
23267000304
23267000361
23267000244
23267000231
23267000224
23267000214
23267000201
23267000744
23267000194
23267000181
23267000171
23267000164
23267000154
23267000141
23267000131
23267000121
23267000111
23267000101
23267000094
23267000081
23267000071
23268000441
23268000434
23268000421
23268000414
23268000401
23268000391
23268000384
23268000241
23268000261
23268000274
23268000254
23268000284
23268000174
23268000181
23268000194
23268000543
23268000514
23268000524
23268000534
23268000553
23268000563
23268000573
23268001006
23269000391
23269000714
23269000721
23269000734
23269000741
23269000774
23269000781
23269000794
23269000801
23269000814
23269000824
23269000831
23269000841
23269000851
23269000864
23269000874
23269000881
23269000941
23269000954
23269000961
23269000974
23269000981
23269001116
23269001126
23268001066
23268000991
23268000983
23268000973
23268000873
23268001046
23268000903
23268000863
23268000364
23268000351
23268000344
23268000331
23268000324
23268000311
23268000301
23268000291
23268000161
23268000231
23268000371
23268000144
23268000154
23268000131
23268000124
23268000111
23268000211
23268000224
23268000104
23268000091
23268000071
23268000084
23268000064
23268000201
23268000024
23268000034
23268000041
23268000054
23269000031
23269000044
23269000051
23269000101
23269000061
23269000114
23269000121
23269000214
23269000134
23269000141
23269000221
23269000234
23269000241
23269000254
23269000261
23269000074
23269000081
23269000271
23269000283
23269000094
23269000411
23269000424
23269000431
23269000444
23269000454
23269000461
23269000293
23269000303
23269000343
23269000474
23269000493
23269000484
23269000504
23269000514
23269000521
23269000534
23269000891
23269000311
23269000904
23269000914
23269000333
23269000924
23269000323
23269000353
23269000363
23269000934
23269000991
23269001004
23269001014
23269001021
23269001034
23269001041
23269001054
23269001061
23269001074
23269001083
23269001096
23269001106
23269001136
23269001146
23266000281
23266000271
23266000251
23266000264
23266000244
23266000231
23266000301
23266000294
23266000224
23266000214
23266000371
23266000384
23266000391
23266000311
23266000364
23266000351
23266000404
23266000324
23266000411
23266000331
23266000344
23266000424
23266000431
23266000444
23266000454
23266000461
23266000474
23266000481
23266000496
