100374
101113
101288
101371
101968
102230
102331
102755
102937
103559
103759
103763
103925
104709
104914
105258
105575
105576
105578
105874
106313
106314
106607
106608
106609
106956
107142
107459
107792
107794
107982
107983
108101
10830
10831
108326
108327
108328
10832
10833
10834
10835
10838
10839
10840
108437
10845
10846
10847
10848
10849
10850
10851
10852
10853
10854
10855
10856
10857
10858
10859
10861
10862
10863
108652
109173
109488
109489
109490
110121
110122
110416
11230
11231
12015
12018
5209
5211
5218
5219
5220
5221
5224
5226
5245
5246
5247
5248
5251
5253
5319
5320
5321
5322
5718
5719
5720
5721
5722
5723
5724
5725
5726
5737
5738
5739
5740
5741
5742
5743
5744
5745
5746
5747
5748
5749
5750
5751
6308
6309
6311
6312
6313
6314
6316
6317
6319
6320
6321
6322
6327
6328
6329
6330
6331
6332
6333
6334
6335
6336
6337
6338
6339
6340
6341
6342
6345
6346
6347
6348
6349
6352
6353
6354
6355
6356
6357
6358
6359
6360
6361
6375
6376
6377
6378
6380
6381
8624
8635
8640
8641
8642
8646
8679
8684
8685
8689
8690
8691
8692
8693
8694
8695
8696
8697
8698
8699
8700
8701
8702
8705
8706
8707
8708
8709
8710
8711
8712
8714
8715
8716
8717
8718
8719
8720
8721
8722
8723
8724
8725
8726
8727
8728
8729
8731
8733
8734
8735
8736
8737
8738
8739
8741
8742
8743
8744
8746
8747
8752
8753
8754
8755
8756
8757
8758
8759
8762
8763
8764
8765
8766
8767
8768
9520
9665
9666
9667
9668
9735
9736
9737
9738
9739
9740
9743
9744
9745
9746
9867
9868
9869
9870
9872
9875
9886
