0000000010853
0000000006340
0000000006329
0000000005746
110122
0000000006360
0000000008755
0000000010860
107794
0000000010842
110121
0000000006317
0000000008757
0000000005745
0000000008766
113102
0000000005718
0000000010836
0000000010862
0000000006361
0000000010835
112065
0000000010834
0000000005720
0000000005747
111157
0000000008746
103763
108652
0000000006356
113449
0000000008743
0000000005721
0000000010832
0000000006346
0000000006320
0000000008753
0000000005742
111158
0000000006345
0000000006333
101371
0000000010848
0000000008738
0000000006359
0000000008761
0000000010854
100374
0000000005744
0000000010838
0000000008733
0000000006347
0000000006312
0000000008742
0000000008735
0000000006357
0000000008740
0000000008752
109488
0000000006326
112556
101113
0000000008731
104914
0000000006342
106956
0000000005722
0000000008765
111159
0000000006332
113599
0000000010850
0000000008762
110987
0000000010830
0000000006319
0000000010846
0000000005751
0000000010852
0000000005736
0000000006322
112557
0000000010855
0000000006338
0000000005749
0000000010837
0000000008751
0000000010847
112558
109489
0000000010857
0000000008768
0000000010843
0000000010840
0000000006316
0000000008754
0000000010849
111511
0000000008763
0000000006311
0000000008739
0000000006337
0000000008747
0000000008748
0000000006327
113450
0000000005737
0000000010859
0000000005743
0000000008734
0000000006354
0000000008767
0000000005723
0000000010839
0000000006321
0000000008744
0000000006335
106607
0000000006336
0000000005739
0000000006339
0000000005738
0000000005740
0000000006334