0000000005751
0000000006359
110121
0000000005737
107794
0000000005744
0000000008741
0000000010834
0000000008757
0000000010849
0000000005719
109488
0000000010835
0000000010840
0000000008731
0000000010830
0000000010854
0000000006319
0000000005746
0000000006342
0000000005749
0000000010853
0000000005725
0000000006328
0000000010852
0000000006345
0000000006331
0000000006317
0000000010856
0000000006341
0000000006320
0000000008762
0000000008738
0000000006357
0000000006349
0000000010861
0000000010862
0000000006352
0000000005720
0000000006356
100374
101371
0000000005742
0000000008733
0000000010855
0000000006355
0000000008743
0000000008753
0000000006346
0000000008756
0000000006361
0000000006322
0000000010863
0000000006332
0000000006330
0000000005722
0000000006333
0000000010832
0000000008765
0000000005745
0000000006334
0000000010831
107792
0000000006339
0000000010846
0000000008746
0000000008758
0000000010838
0000000010859
0000000008767
0000000010847
0000000008754
0000000008752
103763
0000000008759
106956
0000000006308
0000000008739
0000000006338
0000000008747
0000000006329
109489
0000000005738
0000000008768
0000000005743
0000000008734
0000000006354
0000000005723
0000000006321
101113
0000000006336
0000000006337
0000000005740
0000000006340
105258
0000000005741
0000000010839
0000000010848
104914
0000000005747
